type,alcohol,density,fixed acidity,pH,quality,residual sugar
"red",8.500000,0.999140,10.000000,3.150000,5,1.600000
"red",9.000000,1.000400,13.300000,3.060000,5,1.900000
"red",9.000000,0.995600,7.300000,3.370000,4,1.600000
"red",9.000000,0.997170,8.000000,3.390000,5,1.900000
"red",9.000000,0.997800,7.000000,3.480000,5,1.800000
"red",9.000000,0.997800,7.500000,3.310000,5,1.600000
"red",9.000000,0.996200,7.300000,3.300000,5,1.700000
"red",9.000000,0.997900,8.600000,3.030000,5,2.000000
"red",9.100000,0.995540,8.900000,3.120000,6,1.400000
"red",9.100000,0.997200,7.900000,3.360000,4,1.800000
"red",9.100000,0.997100,7.600000,3.360000,5,3.000000
"red",9.100000,0.996700,8.100000,3.360000,5,2.200000
"red",9.100000,0.997400,7.700000,3.260000,5,2.700000
"red",9.100000,0.998200,9.100000,3.080000,5,2.600000
"red",9.100000,0.997470,8.200000,3.130000,6,2.000000
"red",9.100000,0.997860,7.500000,3.140000,5,3.700000
"red",9.100000,0.997840,7.600000,3.150000,5,3.900000
"red",9.100000,0.997000,8.400000,3.160000,5,2.000000
"red",9.100000,0.997400,7.800000,3.260000,5,1.600000
"red",9.100000,0.996560,7.800000,3.090000,6,1.700000
"red",9.200000,0.997200,6.500000,3.460000,5,1.900000
"red",9.200000,1.002600,10.600000,3.120000,5,15.500000
"red",9.200000,0.996690,6.400000,3.320000,5,3.900000
"red",9.200000,0.996300,7.000000,3.250000,5,2.000000
"red",9.200000,0.996500,7.600000,3.170000,4,1.300000
"red",9.200000,0.998000,7.300000,3.490000,5,2.500000
"red",9.200000,0.996290,7.000000,3.340000,5,1.600000
"red",9.200000,0.996700,8.100000,3.290000,5,2.100000
"red",9.200000,0.998000,8.800000,3.440000,5,2.200000
"red",9.200000,0.995920,7.500000,3.020000,5,4.100000
"red",9.200000,0.998800,11.300000,2.940000,6,2.000000
"red",9.200000,0.998300,8.800000,3.390000,5,2.500000
"red",9.200000,0.998700,11.500000,2.980000,6,2.100000
"red",9.200000,0.995500,7.600000,3.120000,5,2.300000
"red",9.200000,0.998000,7.700000,3.420000,5,2.100000
"red",9.200000,0.998100,7.800000,3.410000,6,2.000000
"red",9.200000,0.996100,7.000000,3.340000,5,1.600000
"red",9.200000,0.996750,7.200000,3.370000,6,1.900000
"red",9.200000,0.995900,6.700000,3.280000,5,1.800000
"red",9.200000,0.995900,7.000000,3.340000,6,1.800000
"red",9.200000,1.001000,11.600000,3.200000,5,3.300000
"red",9.200000,0.995900,7.400000,3.050000,5,2.200000
"red",9.200000,0.996680,7.800000,3.260000,5,3.800000
"red",9.200000,0.997000,7.700000,3.250000,5,2.200000
"red",9.200000,0.998600,8.900000,3.170000,5,3.900000
"red",9.200000,0.998600,8.900000,3.160000,5,3.800000
"red",9.200000,0.996230,8.700000,3.000000,5,1.700000
"red",9.233333,0.998420,6.900000,3.530000,6,4.100000
"red",9.250000,0.998420,6.900000,3.530000,6,4.100000
"red",9.300000,0.999800,10.300000,3.120000,6,2.500000
"red",9.300000,0.996550,7.600000,3.390000,5,1.500000
"red",9.300000,0.995720,6.800000,3.290000,5,1.600000
"red",9.300000,0.996300,8.200000,3.200000,5,2.300000
"red",9.300000,0.996900,7.100000,3.480000,5,2.200000
"red",9.300000,0.995500,6.500000,3.340000,5,1.800000
"red",9.300000,0.998700,7.700000,3.480000,5,2.000000
"red",9.300000,0.996250,7.900000,3.290000,5,1.700000
"red",9.300000,0.995920,7.100000,3.270000,5,1.600000
"red",9.300000,0.995500,6.300000,3.340000,5,1.400000
"red",9.300000,0.998400,10.800000,3.080000,6,2.200000
"red",9.300000,0.999000,9.000000,3.350000,5,2.400000
"red",9.300000,0.997600,8.800000,3.260000,4,2.800000
"red",9.300000,0.997600,8.700000,3.270000,6,2.500000
"red",9.300000,0.997500,8.800000,3.040000,5,2.100000
"red",9.300000,0.996600,7.100000,3.270000,5,1.900000
"red",9.300000,0.996700,7.300000,3.260000,5,1.900000
"red",9.300000,0.996640,7.700000,3.240000,5,3.800000
"red",9.300000,1.001400,8.600000,3.320000,5,6.600000
"red",9.300000,0.996900,8.100000,3.210000,5,2.000000
"red",9.300000,0.997200,8.900000,3.120000,5,2.000000
"red",9.400000,0.996300,8.700000,3.100000,5,2.300000
"red",9.400000,0.995400,6.300000,3.340000,5,1.700000
"red",9.400000,0.997300,8.000000,3.220000,6,3.200000
"red",9.400000,0.997000,7.000000,3.470000,6,2.100000
"red",9.400000,0.996400,7.900000,3.300000,5,1.600000
"red",9.400000,0.996590,7.800000,3.260000,6,1.700000
"red",9.400000,0.998100,7.300000,3.370000,5,7.200000
"red",9.400000,0.998200,7.400000,3.370000,5,7.300000
"red",9.400000,0.996320,7.100000,3.290000,5,2.350000
"red",9.400000,0.995500,6.100000,3.420000,5,1.800000
"red",9.400000,0.996000,7.900000,3.270000,6,2.000000
"red",9.400000,0.996200,7.300000,3.410000,6,2.400000
"red",9.400000,0.996800,7.800000,3.250000,5,2.000000
"red",9.400000,0.997600,8.000000,3.340000,5,2.300000
"red",9.400000,0.997800,7.400000,3.510000,5,1.900000
"red",9.400000,0.997350,8.400000,3.310000,5,2.400000
"red",9.400000,0.997600,8.300000,3.270000,5,3.400000
"red",9.400000,0.997400,9.900000,3.090000,5,2.400000
"red",9.400000,0.997600,8.200000,3.230000,5,2.900000
"red",9.400000,0.996800,8.900000,3.390000,6,1.800000
"red",9.400000,0.998000,9.800000,3.250000,5,2.300000
"red",9.400000,0.996500,7.500000,3.340000,5,1.600000
"red",9.400000,0.996930,7.100000,3.440000,5,1.600000
"red",9.400000,0.997400,8.300000,3.210000,6,2.000000
"red",9.400000,0.997800,9.400000,3.280000,5,2.400000
"red",9.400000,0.996600,7.600000,3.360000,5,2.200000
"red",9.400000,0.997680,7.100000,3.440000,5,2.300000
"red",9.400000,0.997000,7.200000,3.440000,5,2.100000
"red",9.400000,0.996800,8.500000,3.170000,5,2.300000
"red",9.400000,0.997800,9.500000,3.240000,5,2.300000
"red",9.400000,0.998400,9.000000,3.310000,5,2.700000
"red",9.400000,1.000400,9.700000,3.140000,5,2.900000
"red",9.400000,0.996940,8.800000,3.320000,5,1.600000
"red",9.400000,0.996300,7.100000,3.280000,5,2.000000
"red",9.400000,0.997380,8.800000,3.140000,5,2.900000
"red",9.400000,0.999220,9.200000,3.150000,5,2.600000
"red",9.400000,0.999180,10.000000,3.150000,5,2.500000
"red",9.400000,0.999400,9.100000,3.360000,6,2.600000
"red",9.400000,0.996660,8.600000,3.200000,5,1.500000
"red",9.400000,0.995700,7.400000,3.150000,5,2.000000
"red",9.400000,0.998300,7.500000,3.260000,5,5.100000
"red",9.400000,0.998780,9.900000,3.140000,5,5.800000
"red",9.400000,0.996800,8.100000,3.170000,5,1.800000
"red",9.400000,0.997600,8.100000,3.300000,5,1.800000
"red",9.400000,0.999800,10.300000,3.180000,5,2.800000
"red",9.400000,0.996760,7.000000,3.310000,6,2.000000
"red",9.400000,0.996340,8.500000,3.010000,5,1.900000
"red",9.400000,0.997400,7.800000,3.130000,5,1.900000
"red",9.400000,0.999600,9.200000,2.740000,4,3.400000
"red",9.400000,0.996800,7.700000,3.060000,5,1.800000
"red",9.500000,0.996200,6.800000,3.480000,5,1.800000
"red",9.500000,0.996500,7.100000,2.940000,5,2.200000
"red",9.500000,0.998100,10.700000,3.180000,5,2.000000
"red",9.500000,0.997000,6.400000,3.460000,5,1.800000
"red",9.500000,0.996320,7.300000,3.330000,5,2.200000
"red",9.500000,0.997680,7.300000,3.520000,6,2.100000
"red",9.500000,0.999200,9.500000,3.460000,5,2.300000
"red",9.500000,0.996850,7.200000,3.420000,6,1.800000
"red",9.500000,0.996980,8.900000,3.120000,6,1.600000
"red",9.500000,0.996850,7.100000,3.380000,5,1.900000
"red",9.500000,0.996700,7.700000,3.320000,6,1.900000
"red",9.500000,0.996860,7.900000,3.210000,6,2.300000
"red",9.500000,0.996330,6.200000,3.520000,6,1.800000
"red",9.500000,0.998300,7.500000,3.450000,6,2.000000
"red",9.500000,0.997100,7.600000,3.450000,6,1.900000
"red",9.500000,0.997640,8.200000,3.340000,6,2.000000
"red",9.500000,0.996400,7.900000,3.230000,5,1.900000
"red",9.500000,0.996680,6.900000,3.470000,6,2.000000
"red",9.500000,0.996770,7.900000,3.290000,6,2.000000
"red",9.500000,0.996900,7.300000,3.410000,6,1.700000
"red",9.500000,0.998700,9.100000,3.380000,5,2.400000
"red",9.500000,0.996200,7.800000,3.320000,5,2.000000
"red",9.500000,0.998000,9.200000,3.230000,5,3.000000
"red",9.500000,0.998000,7.000000,3.550000,5,2.700000
"red",9.500000,0.996800,7.200000,3.400000,6,1.800000
"red",9.500000,0.998200,9.900000,3.210000,5,2.300000
"red",9.500000,0.998200,8.800000,3.300000,5,2.800000
"red",9.500000,0.996800,7.500000,3.380000,7,1.900000
"red",9.500000,0.997080,9.300000,3.280000,5,1.900000
"red",9.500000,0.997600,9.200000,3.230000,5,2.400000
"red",9.500000,0.998200,8.800000,3.260000,5,2.700000
"red",9.500000,0.998550,8.100000,3.360000,5,3.300000
"red",9.500000,0.998880,9.200000,3.310000,6,3.000000
"red",9.500000,0.995580,6.600000,3.200000,5,4.300000
"red",9.500000,0.998880,9.100000,3.310000,6,2.800000
"red",9.500000,0.998150,9.000000,3.320000,6,2.800000
"red",9.500000,1.001400,13.300000,3.050000,6,3.200000
"red",9.500000,1.000100,11.100000,3.130000,5,2.700000
"red",9.500000,0.995690,7.900000,3.430000,5,1.400000
"red",9.500000,0.997800,7.900000,3.400000,5,2.600000
"red",9.500000,0.996600,7.900000,3.170000,5,1.600000
"red",9.500000,0.997800,9.300000,3.140000,5,2.100000
"red",9.500000,0.996300,7.700000,3.260000,5,2.100000
"red",9.500000,0.997300,7.900000,3.300000,6,1.800000
"red",9.500000,0.999400,10.300000,3.190000,6,2.400000
"red",9.500000,0.998000,8.300000,3.180000,6,1.800000
"red",9.500000,0.997870,6.900000,3.220000,5,6.700000
"red",9.500000,0.996400,7.500000,3.000000,5,1.800000
"red",9.550000,0.997450,8.700000,3.310000,5,1.600000
"red",9.600000,0.995530,6.800000,3.300000,6,2.200000
"red",9.600000,0.999100,10.500000,3.300000,4,2.100000
"red",9.600000,0.997100,10.200000,3.040000,5,3.400000
"red",9.600000,0.997200,7.500000,3.320000,4,2.600000
"red",9.600000,0.997300,7.200000,3.320000,6,1.400000
"red",9.600000,0.996160,8.800000,3.300000,4,1.800000
"red",9.600000,0.996680,7.900000,3.390000,5,1.900000
"red",9.600000,0.997200,7.200000,3.360000,6,1.600000
"red",9.600000,0.997400,8.300000,3.260000,6,1.400000
"red",9.600000,0.999400,10.000000,3.200000,5,2.200000
"red",9.600000,0.997200,8.300000,3.310000,6,1.900000
"red",9.600000,0.997600,9.100000,3.180000,5,2.200000
"red",9.600000,0.998450,6.900000,3.680000,5,2.100000
"red",9.600000,0.997600,8.400000,3.220000,5,2.000000
"red",9.600000,0.997800,8.200000,3.370000,4,2.200000
"red",9.600000,0.996500,8.400000,3.190000,5,1.900000
"red",9.600000,0.998000,7.600000,3.470000,6,2.400000
"red",9.600000,0.997600,8.000000,3.370000,6,2.500000
"red",9.600000,0.997130,7.400000,3.160000,6,5.200000
"red",9.600000,0.998400,9.700000,3.280000,5,2.500000
"red",9.600000,0.999760,9.100000,3.280000,5,3.200000
"red",9.600000,0.998800,9.200000,3.280000,5,2.700000
"red",9.600000,0.998600,10.700000,2.890000,5,2.200000
"red",9.600000,0.997460,8.700000,3.100000,5,2.500000
"red",9.700000,0.996610,6.400000,3.470000,6,2.200000
"red",9.700000,0.995520,6.700000,3.330000,5,2.100000
"red",9.700000,0.995400,8.700000,3.270000,5,1.400000
"red",9.700000,0.996400,7.600000,3.280000,5,2.200000
"red",9.700000,0.996060,7.000000,3.370000,5,2.100000
"red",9.700000,0.995900,7.000000,3.360000,6,2.200000
"red",9.700000,0.997430,7.200000,3.530000,5,2.300000
"red",9.700000,0.997460,7.200000,3.510000,5,2.500000
"red",9.700000,0.999700,9.600000,3.500000,5,2.300000
"red",9.700000,0.997010,6.800000,3.400000,5,1.900000
"red",9.700000,0.995240,6.700000,3.100000,5,2.200000
"red",9.700000,0.998010,8.000000,3.220000,5,2.500000
"red",9.700000,0.998800,10.100000,3.320000,6,2.300000
"red",9.700000,0.997450,7.100000,3.480000,6,2.500000
"red",9.700000,0.997440,7.100000,3.550000,6,2.300000
"red",9.700000,0.998200,7.600000,3.520000,5,2.300000
"red",9.700000,1.000200,13.400000,3.160000,6,2.600000
"red",9.700000,0.996720,7.500000,3.340000,4,1.900000
"red",9.700000,0.998700,9.000000,3.350000,5,2.600000
"red",9.700000,1.000100,9.400000,3.310000,5,3.200000
"red",9.700000,0.996360,7.700000,3.260000,5,1.900000
"red",9.700000,0.999750,9.300000,3.240000,5,3.400000
"red",9.700000,0.998000,9.300000,3.280000,5,2.000000
"red",9.700000,0.999800,9.100000,3.280000,5,3.100000
"red",9.700000,1.000600,10.000000,3.480000,5,2.900000
"red",9.700000,0.996360,7.000000,3.350000,6,1.900000
"red",9.800000,0.996200,8.200000,3.260000,5,1.500000
"red",9.800000,0.997600,10.600000,3.140000,6,2.200000
"red",9.800000,0.994580,7.700000,3.160000,6,1.500000
"red",9.800000,0.995200,8.700000,3.200000,5,1.200000
"red",9.800000,0.996120,7.500000,3.300000,5,1.900000
"red",9.800000,0.997480,7.400000,3.480000,5,2.000000
"red",9.800000,0.996150,7.700000,3.350000,6,1.700000
"red",9.800000,0.997400,6.400000,3.570000,6,1.900000
"red",9.800000,0.995780,6.200000,3.330000,5,2.100000
"red",9.800000,0.998000,11.200000,3.160000,6,1.900000
"red",9.800000,0.997450,7.100000,3.500000,5,2.600000
"red",9.800000,0.997300,6.700000,3.610000,5,2.000000
"red",9.800000,0.995000,7.800000,3.160000,5,1.600000
"red",9.800000,0.996300,7.500000,3.280000,5,2.200000
"red",9.800000,0.996700,8.500000,3.200000,6,2.100000
"red",9.800000,0.998000,8.500000,3.330000,5,2.250000
"red",9.800000,0.996700,7.600000,3.390000,5,2.500000
"red",9.800000,0.995470,6.900000,3.380000,6,1.700000
"red",9.800000,0.996890,6.400000,3.580000,5,1.600000
"red",9.800000,0.996520,8.000000,3.290000,4,2.000000
"red",9.800000,0.997260,9.800000,3.150000,5,2.500000
"red",9.800000,0.999700,12.500000,3.110000,7,2.300000
"red",9.800000,0.996560,8.100000,3.250000,5,2.200000
"red",9.800000,0.999800,9.200000,3.480000,5,2.600000
"red",9.800000,0.998400,9.000000,3.390000,5,2.600000
"red",9.800000,0.997000,7.800000,3.260000,5,2.300000
"red",9.800000,1.000250,8.100000,3.600000,4,3.300000
"red",9.800000,0.996800,7.800000,3.200000,5,2.600000
"red",9.800000,0.997900,8.200000,3.380000,5,2.300000
"red",9.800000,1.000150,9.900000,3.310000,5,3.400000
"red",9.800000,0.995650,7.700000,3.080000,6,1.800000
"red",9.800000,0.997320,6.500000,3.660000,5,2.400000
"red",9.800000,0.996160,8.300000,3.150000,5,2.200000
"red",9.800000,0.998200,10.900000,3.300000,6,1.800000
"red",9.800000,0.996270,7.100000,3.450000,5,1.800000
"red",9.800000,0.994000,5.700000,3.500000,4,1.500000
"red",9.800000,0.996000,7.800000,3.280000,6,1.800000
"red",9.900000,0.997140,7.200000,3.460000,5,1.800000
"red",9.900000,0.997600,6.800000,3.620000,5,1.800000
"red",9.900000,0.997900,7.000000,3.600000,5,1.900000
"red",9.900000,0.995800,7.600000,3.260000,6,2.100000
"red",9.900000,0.999000,8.400000,3.370000,5,6.000000
"red",9.900000,0.999600,10.400000,3.150000,6,3.200000
"red",9.900000,0.996250,8.000000,3.370000,6,1.800000
"red",9.900000,0.997700,7.400000,3.500000,6,1.800000
"red",9.900000,0.996130,8.000000,3.300000,5,2.100000
"red",9.900000,0.995840,7.300000,3.280000,5,2.000000
"red",9.900000,0.996220,7.800000,3.210000,5,2.000000
"red",9.900000,0.995860,7.200000,3.260000,5,2.000000
"red",9.900000,0.996820,8.400000,3.260000,6,2.700000
"red",9.900000,0.997350,11.600000,3.020000,7,1.500000
"red",9.900000,0.999800,10.400000,3.240000,5,2.800000
"red",9.900000,1.000400,10.700000,3.280000,6,2.700000
"red",9.900000,0.997200,8.600000,2.930000,6,1.900000
"red",9.900000,0.999400,6.600000,3.470000,5,7.900000
"red",9.900000,0.998360,11.600000,3.380000,4,1.600000
"red",10.000000,0.997600,10.200000,3.170000,5,1.900000
"red",10.000000,0.996640,6.200000,3.590000,4,2.100000
"red",10.000000,0.996000,7.200000,3.230000,8,1.700000
"red",10.000000,0.998300,9.700000,3.270000,6,1.600000
"red",10.000000,0.998500,10.800000,3.220000,6,1.600000
"red",10.000000,0.997350,8.600000,3.230000,5,3.300000
"red",10.000000,0.995750,8.000000,3.340000,5,1.700000
"red",10.000000,0.999200,11.900000,3.050000,5,2.500000
"red",10.000000,0.996500,7.500000,3.320000,6,2.400000
"red",10.000000,0.996920,9.000000,3.290000,5,1.700000
"red",10.000000,0.996800,7.600000,3.210000,5,2.600000
"red",10.000000,0.997120,9.500000,3.250000,5,1.900000
"red",10.000000,0.998300,8.300000,3.480000,5,2.600000
"red",10.000000,0.996850,8.000000,3.350000,6,2.800000
"red",10.000000,1.002200,12.800000,3.070000,7,5.800000
"red",10.000000,0.996800,6.800000,3.440000,6,1.700000
"red",10.000000,0.994400,5.800000,3.540000,5,1.800000
"red",10.000000,0.999400,8.300000,3.510000,5,2.600000
"red",10.000000,0.998000,9.400000,3.190000,6,2.800000
"red",10.000000,0.998000,9.500000,3.120000,6,2.700000
"red",10.000000,0.998340,10.100000,3.220000,7,2.600000
"red",10.000000,0.995600,7.000000,3.400000,5,2.000000
"red",10.000000,0.997870,8.800000,3.220000,6,4.000000
"red",10.000000,0.996040,7.700000,3.230000,5,2.100000
"red",10.000000,1.000000,10.000000,3.280000,6,2.700000
"red",10.000000,0.997520,9.900000,3.350000,5,1.700000
"red",10.033333,0.997040,11.600000,3.070000,6,1.400000
"red",10.100000,0.995310,6.500000,3.360000,6,1.800000
"red",10.100000,0.996600,8.700000,3.360000,6,1.400000
"red",10.100000,0.995900,8.200000,3.300000,5,2.200000
"red",10.100000,0.997300,11.100000,3.220000,6,1.500000
"red",10.100000,0.995500,6.100000,3.420000,7,1.800000
"red",10.100000,0.995760,7.200000,3.440000,5,2.000000
"red",10.100000,0.999350,10.900000,3.220000,5,4.000000
"red",10.100000,0.995460,7.200000,3.290000,5,2.000000
"red",10.100000,0.996100,6.900000,3.410000,5,2.200000
"red",10.100000,0.994980,5.600000,3.660000,4,1.500000
"red",10.100000,0.994640,6.100000,3.360000,5,1.800000
"red",10.100000,0.995560,7.000000,3.400000,6,2.400000
"red",10.100000,0.994640,6.100000,3.360000,5,1.800000
"red",10.100000,0.996400,6.900000,3.410000,6,2.400000
"red",10.100000,0.999600,9.600000,3.300000,5,3.400000
"red",10.100000,0.996300,9.900000,3.040000,5,2.000000
"red",10.100000,0.999600,11.500000,3.280000,6,4.000000
"red",10.100000,0.998400,7.800000,3.370000,7,6.000000
"red",10.200000,0.996080,7.100000,3.420000,6,2.100000
"red",10.200000,0.996130,8.200000,3.250000,6,2.300000
"red",10.200000,0.998800,12.500000,2.990000,5,2.000000
"red",10.200000,0.995750,7.000000,3.360000,5,2.000000
"red",10.200000,0.996120,8.000000,3.300000,5,2.000000
"red",10.200000,0.999300,12.300000,3.200000,6,3.100000
"red",10.200000,0.998080,7.100000,3.400000,3,5.700000
"red",10.200000,0.996600,7.000000,3.520000,7,2.200000
"red",10.200000,0.995600,6.800000,3.340000,5,2.100000
"red",10.200000,0.997340,8.700000,3.260000,6,2.700000
"red",10.200000,0.997090,9.900000,2.940000,5,2.000000
"red",10.200000,0.999700,6.800000,3.460000,5,5.600000
"red",10.300000,0.996950,9.600000,3.220000,7,1.400000
"red",10.300000,0.997210,5.900000,3.330000,6,13.400000
"red",10.300000,0.997000,8.900000,3.180000,6,1.900000
"red",10.300000,0.996820,7.100000,3.240000,5,2.800000
"red",10.300000,0.996800,8.100000,3.300000,5,2.200000
"red",10.300000,0.996930,7.600000,3.220000,6,2.800000
"red",10.300000,0.995800,7.300000,3.330000,6,2.100000
"red",10.300000,0.999000,9.100000,3.410000,6,2.100000
"red",10.300000,0.996030,8.200000,3.250000,5,1.600000
"red",10.300000,0.997180,6.600000,3.350000,5,6.100000
"red",10.300000,0.996700,7.500000,3.370000,6,3.000000
"red",10.300000,0.996120,6.900000,3.400000,6,2.400000
"red",10.400000,0.997910,12.000000,3.070000,4,1.400000
"red",10.400000,0.995450,6.800000,3.360000,6,2.300000
"red",10.400000,0.996900,12.200000,3.130000,5,1.400000
"red",10.400000,0.997800,10.200000,3.140000,5,2.400000
"red",10.400000,0.996720,8.200000,3.530000,6,2.500000
"red",10.400000,0.994980,6.800000,3.350000,6,2.100000
"red",10.400000,0.998650,9.600000,3.300000,6,2.900000
"red",10.400000,0.996340,7.100000,3.490000,5,1.800000
"red",10.400000,0.999500,12.500000,3.150000,6,2.600000
"red",10.400000,0.999700,12.800000,3.100000,6,2.400000
"red",10.400000,0.997450,8.400000,3.310000,4,2.000000
"red",10.400000,0.998220,8.600000,3.330000,6,2.800000
"red",10.400000,1.000000,11.900000,3.150000,7,3.100000
"red",10.500000,0.997600,10.200000,3.050000,7,2.600000
"red",10.500000,0.995840,7.000000,3.350000,5,2.100000
"red",10.500000,0.995620,7.300000,3.300000,5,2.600000
"red",10.500000,0.997540,10.200000,3.380000,6,2.500000
"red",10.500000,0.997800,7.500000,3.350000,5,6.100000
"red",10.500000,0.996590,9.600000,3.150000,6,1.900000
"red",10.500000,0.998000,12.000000,2.920000,7,1.400000
"red",10.500000,0.996200,8.000000,3.340000,6,1.900000
"red",10.500000,0.997800,7.300000,3.330000,5,5.900000
"red",10.500000,0.996770,5.600000,3.390000,6,13.900000
"red",10.500000,0.996600,7.400000,3.370000,5,3.000000
"red",10.500000,0.992940,6.400000,3.330000,6,1.800000
"red",10.500000,0.998400,9.800000,3.230000,6,3.200000
"red",10.500000,0.999650,10.000000,3.360000,7,2.600000
"red",10.500000,0.999400,11.400000,3.150000,6,2.700000
"red",10.500000,0.998240,8.900000,3.340000,5,2.500000
"red",10.500000,0.996400,7.600000,3.320000,6,3.000000
"red",10.500000,0.997200,7.500000,3.580000,6,2.300000
"red",10.500000,0.997720,9.400000,3.150000,5,2.500000
"red",10.500000,0.995680,7.700000,3.320000,7,1.800000
"red",10.500000,0.997250,6.900000,3.250000,6,2.200000
"red",10.500000,0.998600,11.100000,3.170000,5,3.100000
"red",10.500000,0.997340,11.300000,3.150000,5,1.800000
"red",10.500000,0.998200,8.800000,3.310000,6,3.300000
"red",10.500000,0.998600,8.800000,3.540000,5,2.200000
"red",10.500000,0.996470,7.400000,3.320000,5,2.200000
"red",10.600000,0.996760,9.900000,3.260000,7,1.500000
"red",10.600000,0.997100,9.900000,3.260000,5,2.100000
"red",10.600000,0.996700,9.100000,3.320000,6,1.800000
"red",10.600000,0.998140,7.100000,3.380000,6,2.100000
"red",10.600000,0.995720,6.700000,3.420000,6,2.800000
"red",10.600000,0.998800,9.500000,3.260000,6,1.900000
"red",10.600000,0.994800,6.700000,3.390000,6,1.700000
"red",10.600000,0.998600,11.100000,3.120000,7,2.700000
"red",10.600000,0.998280,8.200000,3.390000,5,3.000000
"red",10.600000,0.996600,6.900000,3.460000,6,2.500000
"red",10.700000,0.995000,6.000000,3.540000,6,2.100000
"red",10.700000,0.996200,6.600000,3.440000,5,1.600000
"red",10.700000,0.996240,7.100000,3.360000,5,2.800000
"red",10.700000,0.995500,7.100000,3.420000,6,2.300000
"red",10.700000,0.998700,9.400000,3.290000,6,3.600000
"red",10.700000,0.998500,8.000000,3.430000,6,2.600000
"red",10.700000,0.996500,7.500000,3.380000,6,2.600000
"red",10.700000,0.996500,6.800000,3.450000,5,3.000000
"red",10.700000,0.996600,6.800000,3.520000,6,2.400000
"red",10.800000,0.995260,9.300000,3.240000,7,1.600000
"red",10.800000,0.998100,9.800000,3.240000,6,2.500000
"red",10.800000,0.995100,7.100000,3.290000,6,1.700000
"red",10.800000,0.998600,11.800000,3.110000,6,2.100000
"red",10.800000,0.996210,7.800000,3.380000,5,2.600000
"red",10.800000,0.995570,7.500000,3.360000,6,2.600000
"red",10.800000,0.997600,10.500000,3.210000,7,1.800000
"red",10.800000,0.995220,7.100000,3.420000,6,2.200000
"red",10.800000,0.995280,7.400000,3.430000,6,2.400000
"red",10.800000,0.997360,7.400000,3.580000,7,2.400000
"red",10.800000,0.997040,9.300000,3.270000,6,1.800000
"red",10.800000,0.997500,7.800000,3.420000,6,2.400000
"red",10.800000,0.997000,8.000000,3.310000,5,2.800000
"red",10.800000,0.999600,12.000000,3.180000,7,3.000000
"red",10.800000,0.997900,8.300000,3.310000,6,2.500000
"red",10.800000,0.999400,11.900000,3.100000,6,2.800000
"red",10.800000,0.999400,12.800000,3.200000,7,2.600000
"red",10.800000,0.998180,10.800000,3.240000,5,2.500000
"red",10.800000,0.995510,6.400000,3.560000,5,2.300000
"red",10.900000,0.994780,9.000000,3.200000,6,1.300000
"red",10.900000,0.995500,7.700000,3.360000,5,2.000000
"red",10.900000,0.995100,7.700000,3.150000,6,2.000000
"red",10.900000,0.995920,6.800000,3.530000,4,2.000000
"red",10.900000,0.997400,8.200000,3.220000,6,5.100000
"red",10.900000,0.995170,7.100000,3.400000,4,2.200000
"red",10.900000,0.994760,7.000000,3.390000,5,2.300000
"red",10.900000,0.996380,8.200000,3.290000,6,2.100000
"red",10.900000,0.999740,11.700000,3.210000,6,2.200000
"red",10.900000,0.996280,7.800000,3.400000,5,1.900000
"red",10.900000,0.995780,7.600000,3.440000,6,2.000000
"red",10.900000,0.995380,6.700000,3.360000,5,2.100000
"red",10.900000,0.999250,12.000000,3.140000,6,2.100000
"red",10.900000,0.996990,9.200000,3.240000,5,2.300000
"red",10.900000,0.997220,9.600000,3.180000,5,2.800000
"red",10.900000,0.997080,10.600000,3.230000,6,2.600000
"red",11.000000,0.994950,9.100000,3.180000,7,1.800000
"red",11.000000,0.996480,6.700000,3.520000,4,2.300000
"red",11.000000,0.993580,6.100000,3.470000,5,2.400000
"red",11.000000,0.997200,10.700000,3.150000,8,2.600000
"red",11.000000,0.995340,7.200000,3.400000,7,2.100000
"red",11.000000,0.996240,8.200000,3.270000,6,2.500000
"red",11.000000,1.000100,11.500000,3.260000,5,3.000000
"red",11.000000,0.998170,8.600000,3.270000,5,6.400000
"red",11.000000,0.996850,6.900000,3.460000,5,2.600000
"red",11.000000,0.996400,8.400000,3.300000,6,2.200000
"red",11.000000,0.996400,7.200000,3.390000,5,2.600000
"red",11.000000,0.999300,11.200000,3.060000,6,2.500000
"red",11.000000,0.996330,7.000000,3.320000,6,4.800000
"red",11.000000,0.996450,7.400000,3.390000,5,2.600000
"red",11.000000,0.996600,7.300000,3.360000,5,2.500000
"red",11.000000,0.996120,8.000000,3.370000,5,2.400000
"red",11.000000,0.997000,7.100000,3.410000,4,4.400000
"red",11.000000,0.996200,7.100000,3.420000,6,2.500000
"red",11.000000,0.995210,7.600000,3.360000,5,1.900000
"red",11.000000,0.997320,7.800000,3.330000,7,2.700000
"red",11.100000,0.995140,6.400000,3.440000,6,2.200000
"red",11.100000,0.994980,9.300000,3.180000,7,1.500000
"red",11.100000,0.995180,8.500000,3.160000,6,1.900000
"red",11.100000,0.994100,7.900000,3.280000,5,1.800000
"red",11.100000,0.995200,7.000000,3.500000,5,1.600000
"red",11.100000,0.995520,9.100000,3.230000,7,1.600000
"red",11.100000,0.995240,6.800000,3.410000,4,3.900000
"red",11.100000,0.995770,6.800000,3.530000,5,4.800000
"red",11.100000,0.996560,7.600000,3.380000,6,2.600000
"red",11.100000,0.996920,8.900000,3.330000,6,2.200000
"red",11.100000,1.003150,15.600000,2.920000,5,4.200000
"red",11.200000,0.994000,7.900000,3.290000,6,1.600000
"red",11.200000,0.995360,8.200000,3.310000,7,2.200000
"red",11.200000,0.995120,5.900000,3.520000,6,2.200000
"red",11.200000,0.995500,8.400000,3.170000,7,2.300000
"red",11.200000,0.995760,9.100000,3.300000,6,2.100000
"red",11.200000,0.994190,7.900000,3.270000,7,1.900000
"red",11.200000,0.998600,11.100000,3.170000,6,3.200000
"red",11.200000,0.994280,6.200000,3.450000,7,2.000000
"red",11.200000,0.994380,6.900000,3.400000,6,2.000000
"red",11.200000,0.994380,6.800000,3.400000,6,1.800000
"red",11.200000,0.993850,5.900000,3.500000,5,1.900000
"red",11.200000,0.994020,6.100000,3.450000,6,1.700000
"red",11.200000,0.995700,7.600000,3.300000,5,2.500000
"red",11.200000,0.996740,10.700000,3.120000,6,1.900000
"red",11.200000,0.995800,7.500000,3.540000,4,3.100000
"red",11.200000,1.003200,15.600000,2.950000,7,3.700000
"red",11.200000,1.001000,9.800000,3.410000,5,2.500000
"red",11.200000,0.994540,8.000000,3.220000,6,2.000000
"red",11.300000,0.996000,7.900000,3.330000,5,2.200000
"red",11.300000,0.997200,10.600000,3.210000,6,2.700000
"red",11.300000,0.998800,11.900000,3.060000,6,2.150000
"red",11.300000,0.994380,6.800000,3.410000,6,2.300000
"red",11.300000,0.995940,8.200000,3.400000,7,2.500000
"red",11.300000,0.994880,8.800000,3.260000,6,2.100000
"red",11.300000,1.001000,10.100000,3.430000,4,3.400000
"red",11.400000,0.994900,6.400000,3.490000,6,2.100000
"red",11.400000,0.994720,6.100000,3.520000,5,2.100000
"red",11.400000,0.994800,6.900000,3.510000,4,2.100000
"red",11.400000,0.994700,9.800000,3.190000,7,1.400000
"red",11.400000,0.996000,10.400000,3.100000,6,2.300000
"red",11.400000,0.994250,6.200000,3.610000,5,1.600000
"red",11.400000,0.995600,7.000000,3.390000,6,2.100000
"red",11.400000,0.995460,7.900000,3.350000,6,2.000000
"red",11.400000,0.996200,7.000000,3.390000,6,2.500000
"red",11.400000,0.995600,8.000000,3.300000,6,1.900000
"red",11.400000,0.995440,6.600000,3.590000,6,2.200000
"red",11.500000,0.994800,9.800000,3.140000,7,1.700000
"red",11.500000,0.996100,7.400000,3.420000,6,1.900000
"red",11.500000,0.998200,10.300000,3.160000,6,2.000000
"red",11.500000,0.994800,6.100000,3.590000,6,2.200000
"red",11.500000,0.994790,7.000000,3.430000,6,2.000000
"red",11.500000,0.999400,8.900000,3.440000,5,3.450000
"red",11.500000,1.000800,12.400000,3.160000,6,3.000000
"red",11.500000,0.998000,10.300000,3.280000,5,4.500000
"red",11.500000,0.997340,10.900000,3.280000,6,1.800000
"red",11.600000,0.997380,8.500000,3.380000,7,4.700000
"red",11.600000,0.994840,6.700000,3.290000,7,2.400000
"red",11.600000,0.993740,6.600000,3.350000,7,2.000000
"red",11.600000,0.993780,6.400000,3.490000,5,2.200000
"red",11.600000,0.996460,6.200000,3.560000,6,4.400000
"red",11.600000,0.993140,6.300000,3.320000,6,1.800000
"red",11.600000,0.996300,10.000000,3.230000,7,2.700000
"red",11.600000,0.995260,7.800000,3.390000,6,2.000000
"red",11.600000,0.994020,5.400000,3.670000,6,1.700000
"red",11.600000,0.996430,10.100000,3.220000,7,2.400000
"red",11.600000,0.994760,7.500000,3.210000,6,3.100000
"red",11.700000,0.993220,6.900000,3.380000,5,1.750000
"red",11.700000,0.995160,9.100000,3.260000,7,2.050000
"red",11.700000,0.993970,6.600000,3.420000,7,2.400000
"red",11.700000,0.995380,7.600000,3.510000,7,2.500000
"red",11.700000,0.996300,7.900000,3.340000,7,2.500000
"red",11.700000,0.996400,9.400000,3.150000,8,2.800000
"red",11.700000,0.998600,9.900000,3.270000,7,6.700000
"red",11.700000,0.997000,10.600000,3.260000,6,2.200000
"red",11.700000,0.997000,10.500000,3.240000,7,2.950000
"red",11.700000,1.000200,10.900000,3.070000,6,4.600000
"red",11.800000,0.994710,10.300000,3.160000,6,1.400000
"red",11.800000,0.995620,8.900000,3.400000,5,2.600000
"red",11.800000,0.994740,7.500000,3.260000,6,2.200000
"red",11.800000,0.995240,8.500000,3.300000,7,1.700000
"red",11.800000,0.994560,8.500000,3.380000,6,1.800000
"red",11.800000,0.994700,7.700000,3.370000,6,2.700000
"red",11.800000,0.995240,8.500000,3.330000,7,1.750000
"red",11.800000,0.995650,10.200000,3.220000,6,2.400000
"red",11.800000,0.994510,10.000000,2.980000,8,1.900000
"red",11.800000,0.997000,11.000000,3.180000,5,2.550000
"red",11.800000,0.997200,9.500000,3.280000,7,2.400000
"red",11.800000,0.996640,10.400000,3.120000,7,2.100000
"red",11.800000,0.997900,10.000000,3.260000,6,3.400000
"red",11.800000,0.997300,10.500000,3.090000,7,2.400000
"red",11.800000,0.996140,8.800000,3.310000,7,2.800000
"red",11.800000,0.998400,11.500000,3.010000,7,4.400000
"red",11.900000,0.991200,6.100000,3.250000,6,1.400000
"red",11.900000,0.994700,7.400000,3.360000,6,2.400000
"red",11.900000,0.995520,8.900000,3.410000,7,1.800000
"red",11.900000,0.995120,8.600000,3.270000,6,2.200000
"red",11.900000,0.993600,6.600000,3.500000,6,1.800000
"red",11.900000,0.996040,9.000000,3.130000,7,2.400000
"red",11.900000,0.996420,11.300000,3.200000,6,2.400000
"red",12.000000,0.995660,8.500000,3.280000,4,6.300000
"red",12.000000,0.995850,10.000000,3.230000,6,2.000000
"red",12.000000,0.994680,8.700000,3.300000,7,3.300000
"red",12.000000,0.993840,6.500000,3.210000,6,2.800000
"red",12.000000,0.996170,8.700000,3.330000,6,2.400000
"red",12.000000,0.996380,10.500000,3.230000,6,2.200000
"red",12.000000,0.996200,9.400000,3.200000,7,2.400000
"red",12.000000,0.996150,9.200000,3.330000,7,2.200000
"red",12.000000,0.995380,6.200000,3.570000,5,2.500000
"red",12.000000,0.998600,13.800000,3.020000,6,3.000000
"red",12.100000,0.993230,7.200000,3.350000,6,2.100000
"red",12.100000,0.995200,7.300000,3.350000,7,2.500000
"red",12.100000,0.995770,10.700000,3.150000,7,2.600000
"red",12.100000,0.994980,8.300000,3.270000,7,3.800000
"red",12.200000,0.992940,6.400000,3.360000,6,3.300000
"red",12.200000,0.991910,5.700000,3.450000,6,1.400000
"red",12.200000,0.999200,11.900000,3.170000,7,3.400000
"red",12.300000,0.993160,7.900000,3.010000,7,8.300000
"red",12.300000,0.992200,6.300000,3.450000,6,1.400000
"red",12.300000,0.995200,6.600000,3.520000,7,2.300000
"red",12.300000,0.993760,8.200000,3.210000,6,1.900000
"red",12.400000,0.993440,7.100000,3.390000,6,1.800000
"red",12.400000,0.995850,9.700000,3.300000,6,2.000000
"red",12.400000,0.995000,8.100000,3.270000,7,2.200000
"red",12.400000,0.993620,5.900000,3.620000,6,2.400000
"red",12.400000,0.993920,8.400000,3.110000,6,2.100000
"red",12.400000,0.993600,8.000000,3.280000,6,2.200000
"red",12.400000,0.995090,9.600000,3.360000,7,2.200000
"red",12.400000,0.993400,6.400000,3.370000,6,2.200000
"red",12.500000,0.993860,8.400000,3.270000,7,2.000000
"red",12.500000,0.994800,8.900000,3.350000,6,1.900000
"red",12.500000,0.995310,10.100000,3.170000,6,2.300000
"red",12.500000,0.992920,6.000000,3.580000,6,2.300000
"red",12.500000,0.996800,10.200000,3.160000,7,2.900000
"red",12.500000,0.994670,6.000000,3.580000,6,2.400000
"red",12.500000,0.994440,8.300000,3.310000,7,2.400000
"red",12.500000,0.994440,5.200000,3.780000,6,2.150000
"red",12.500000,0.993560,7.600000,3.220000,7,2.500000
"red",12.500000,0.994840,9.900000,3.190000,7,5.000000
"red",12.500000,0.998000,10.200000,3.230000,6,2.900000
"red",12.500000,0.993580,8.000000,3.150000,7,2.100000
"red",12.600000,0.994860,8.900000,3.270000,7,2.200000
"red",12.600000,0.993870,6.600000,3.380000,6,2.400000
"red",12.700000,0.993180,7.100000,3.350000,7,2.400000
"red",12.700000,0.994170,7.800000,3.460000,8,2.300000
"red",12.700000,0.994260,8.300000,3.380000,7,2.300000
"red",12.800000,0.993740,6.300000,3.410000,5,2.100000
"red",12.800000,0.993560,8.200000,3.330000,7,2.400000
"red",12.800000,0.992800,6.800000,3.360000,7,1.800000
"red",12.800000,0.994140,7.200000,3.270000,6,2.500000
"red",12.900000,0.992640,5.100000,3.560000,7,1.700000
"red",12.900000,0.991620,6.400000,3.470000,6,1.650000
"red",12.900000,0.992560,5.600000,3.520000,5,2.500000
"red",12.900000,0.994180,7.300000,3.340000,6,2.100000
"red",13.000000,0.993700,5.600000,3.630000,5,2.300000
"red",13.000000,1.000400,12.000000,3.220000,7,4.200000
"red",13.100000,0.993400,4.600000,3.900000,4,2.100000
"red",13.300000,0.998800,11.400000,3.110000,6,6.200000
"red",13.500000,0.991500,5.800000,3.390000,6,1.700000
"red",13.566667,0.991820,5.300000,3.540000,7,2.200000
"red",13.600000,0.991820,5.300000,3.540000,7,2.200000
"red",13.600000,0.993300,7.400000,3.380000,7,1.800000
"red",14.000000,0.990800,5.500000,3.500000,8,1.800000
"red",14.000000,0.991700,5.000000,3.720000,8,2.000000
